0.158064
0.190182
0.192934
0.206368
0.232745
0.234558
0.234612
0.237086
0.257485
0.258077
0.265656
0.268041
0.277584
0.280499
0.281533
0.282941
0.283274
0.284099
0.28423
0.28735
0.289618
0.294107
0.29798
0.298047
0.304203
0.306923
0.309993
0.311725
0.315626
0.317553
0.318105
0.31969
0.319931
0.324889
0.326458
0.327463
0.328277
0.330335
0.331402
0.333608
0.334285
0.336418
0.337637
0.342007
0.350124
0.356396
0.357222
0.359575
0.361625
0.36839
0.368707
0.372439
0.375518
0.375845
0.376991
0.37714
0.386021
0.390402
0.392218
0.395941
0.396044
0.399057
0.399997
0.400762
0.402123
0.403132
0.403501
0.403612
0.404333
0.404442
0.406886
0.414341
0.415611
0.42268
0.423351
0.426748
0.428033
0.429629
0.434114
0.434734
0.434734
0.434769
0.436313
0.438046
0.438382
0.442112
0.442153
0.442289
0.442834
0.445527
0.446032
0.450041
0.451317
0.451537
0.451552
0.456208
0.456694
0.457549
0.457774
0.45873
0.461354
0.462367
0.466028
0.466666
0.467127
0.468952
0.47057
0.471061
0.471227
0.471322
0.471563
0.474288
0.478256
0.478256
0.478256
0.479349
0.482803
0.485187
0.485991
0.486574
0.487034
0.488852
0.490441
0.492752
0.492965
0.493596
0.495062
0.495678
0.496784
0.497655
0.499561
0.499626
0.499738
0.499913
0.5
0.5
0.5
0.5
0.5
0.5
0.5
0.5
0.5
0.5
0.5
0.5
0.5
0.5
0.500087
0.500355
0.500834
0.501064
0.504434
0.507543
0.508814
0.508814
0.509857
0.50999
0.51047
0.511418
0.512102
0.512711
0.513049
0.516143
0.517696
0.520063
0.520132
0.520535
0.521069
0.521524
0.521633
0.522144
0.52263
0.523082
0.523413
0.525342
0.525845
0.525924
0.526442
0.527173
0.527173
0.527972
0.52809
0.528116
0.528765
0.528986
0.529216
0.529294
0.529386
0.532308
0.532371
0.533293
0.533898
0.533914
0.534587
0.536427
0.536789
0.53735
0.540713
0.540741
0.541525
0.541748
0.541994
0.542209
0.542409
0.543613
0.543613
0.546367
0.549462
0.549687
0.550513
0.550617
0.551438
0.551438
0.551646
0.553431
0.553649
0.553932
0.554327
0.555538
0.556373
0.556594
0.556849
0.55769
0.55888
0.559557
0.560396
0.561502
0.562647
0.562647
0.562982
0.56397
0.564573
0.5649
0.564945
0.566407
0.566432
0.566986
0.566986
0.567111
0.567111
0.567226
0.567544
0.568307
0.568964
0.57024
0.571325
0.572241
0.572544
0.573818
0.574637
0.575451
0.575667
0.576025
0.577536
0.577772
0.578671
0.58152
0.581789
0.581789
0.581789
0.583163
0.583915
0.584271
0.584348
0.584657
0.587025
0.58834
0.589694
0.590293
0.590528
0.59094
0.591444
0.591858
0.593313
0.593844
0.593864
0.594467
0.594624
0.595591
0.595631
0.596587
0.596855
0.596925
0.597113
0.597712
0.597712
0.597958
0.598084
0.599036
0.599451
0.601743
0.602014
0.603761
0.603861
0.603861
0.603953
0.60593
0.609281
0.611298
0.613572
0.617867
0.619876
0.620385
0.622224
0.623163
0.624402
0.626454
0.627228
0.628069
0.628257
0.630839
0.632028
0.633436
0.63735
0.637551
0.639781
0.639794
0.642192
0.642284
0.646592
0.647855
0.648385
0.64906
0.649484
0.650605
0.651557
0.651608
0.651851
0.653488
0.653922
0.654811
0.659862
0.660294
0.661797
0.665357
0.668352
0.669782
0.670548
0.672117
0.673293
0.674916
0.677712
0.678968
0.680447
0.680727
0.685866
0.687345
0.68794
0.688946
0.690053
0.692743
0.694835
0.699222
0.699588
0.699675
0.700958
0.701332
0.701677
0.701978
0.702633
0.704921
0.707125
0.707338
0.707655
0.708364
0.713531
0.714027
0.716722
0.717631
0.721453
0.724877
0.726842
0.72833
0.736014
0.736766
0.742612
0.74322
0.74414
0.745368
0.747413
0.747487
0.75082
0.753295
0.753971
0.756094
0.765019
0.771584
0.772821
0.776502
0.776673
0.779939
0.782424
0.788582
0.793136
0.793873
0.798352
0.808863
0.810815
0.811584
0.813655
0.820858
0.831464
0.837278
0.840715
0.848286
0.854311
0.859629
0.863679
0.865279
0.8677
0.869489
0.884207
0.912814
0.916835
0.917862
0.923095
0.92513
0.953025
0.963644
0.967148
1.03691
1.05274
1.05755
1.0648
1.07453
1.08693
1.19198
1.21594
1.31246