0
0
0
0
0
0
0
0
0
0
0
0
0
0
0
0
0
0
0
0
0
0
0
0
0
0
0
0
0
0
0
0
0
0
0
0
0
0
0
0
0
0
0
0
0
0
0
0
0
0
0
0
0
0
0
0
0
0
0
0
0
0
0
0
0
0
0
0
0
0
0
0
0
0
0
0
0
0
0
0
0
0
0
0
0
0
0
0
0
0
0
0
0
0
0
0
0
0
0
0
0
0
0
0
0
0
0
0
0
0
0
0
0
0
0
0
0
0
0
0
0
0
0
0
0
0
0
0
0
0
0
0
0
0
0
0
0
0
0
0
0
0
0
0.142857
0.142857
0.142857
0.142857
0.142857
0.157895
0.166667
0.166667
0.166667
0.166667
0.166667
0.181818
0.2
0.2
0.2
0.208333
0.214286
0.230769
0.230769
0.230769
0.235294
0.25
0.25
0.25
0.25
0.25
0.25
0.25
0.25
0.25
0.25
0.25
0.25
0.25
0.25
0.25
0.272727
0.277778
0.28
0.285714
0.285714
0.3
0.3
0.3
0.307692
0.307692
0.307692
0.307692
0.310345
0.3125
0.314286
0.315789
0.333333
0.333333
0.333333
0.333333
0.333333
0.333333
0.333333
0.333333
0.333333
0.333333
0.333333
0.333333
0.333333
0.333333
0.333333
0.333333
0.333333
0.333333
0.333333
0.333333
0.333333
0.333333
0.333333
0.333333
0.34375
0.35
0.357143
0.358974
0.363636
0.363636
0.368421
0.375
0.375
0.375
0.375
0.375
0.380952
0.384615
0.384615
0.388889
0.4
0.4
0.4
0.4
0.4
0.4
0.4
0.4
0.4
0.4
0.4
0.40625
0.410256
0.411765
0.411765
0.416667
0.416667
0.419355
0.421053
0.425
0.425532
0.428571
0.428571
0.435897
0.44186
0.444444
0.444444
0.444444
0.447368
0.45
0.45098
0.451613
0.454545
0.454545
0.458333
0.459459
0.461538
0.461538
0.463415
0.463415
0.466667
0.466667
0.470588
0.473684
0.48
0.48
0.481481
0.482759
0.488889
0.489362
0.5
0.5
0.5
0.5
0.5
0.5
0.5
0.5
0.5
0.5
0.5
0.5
0.5
0.5
0.5
0.5
0.5
0.5
0.5
0.5
0.5
0.5
0.5
0.5
0.5
0.5
0.5
0.5
0.5
0.5
0.5
0.5
0.5
0.5
0.5
0.5
0.5
0.5
0.5
0.5
0.5
0.5
0.5
0.5
0.5
0.5
0.5
0.509091
0.519231
0.520833
0.525
0.526316
0.527273
0.533333
0.538462
0.538462
0.545455
0.54902
0.550725
0.551724
0.551724
0.555556
0.561404
0.5625
0.568182
0.569231
0.571429
0.577778
0.578947
0.588235
0.589286
0.591549
0.595238
0.6
0.6
0.6
0.6
0.6
0.6
0.6
0.603175
0.609375
0.641791
0.642857
0.648148
0.653846
0.657143
0.660377
0.666667
0.666667
0.666667
0.666667
0.666667
0.666667
0.666667
0.666667
0.666667
0.666667
0.666667
0.666667
0.673469
0.714286
0.716667
0.721519
0.743243
0.75
0.75
0.75
0.75
0.75
0.753086
0.763889
0.774648
0.8
0.825581
0.833333
0.833333
0.851351
0.932584
1
1
1
1
1
1
1
1
1
1
1
1
1
1
1
1
1
1
1
1
1
1
1
1
1
1