0.00116667
0.001
0.002
0.00316667
0.0045
0.00666667
0.0095
0.013
0.0171667
0.0221667
0.028
0.035
0.046
0.01
0.012
0.0141667
0.0165
0.0193333
0.0223333
0.0253333
0.0293333
0.0333333
0.0375
0.0423333
0.0471667
0.058
0.0583333
0.0696667
0.0833333
0.0783333
0.0843333
0.0925
0.105167
0.117
0.119333
0.1285
0.1395
0.153333
0.161667
0.173833
0.186333
0.205667
0.213667
0.240833
0.252333
0.259167
0.280833
0.293833
0.321667
0.329833
0.369833
0.372833
0.3895
0.416667
0.4335
0.456333
0.490667
0.512167
0.530333
0.564667
0.5855
0.618333
0.641333
0.672333
0.717333
0.7535
0.7705
0.809
0.848833
0.886167
0.920667
0.953167
0.989167
1.03717
1.08167
1.11267
1.16533
1.19883
1.25683
1.29633
1.3435
1.3965
1.4555
1.48967
1.559
1.605
1.6685
1.72167
1.77017
1.8315
1.89583
1.9595
2.016
2.10033
2.155
2.22067
2.284
2.35783
2.42517
2.4975
2.57067
2.63517
2.7385
2.80517
2.88617
2.99133
3.05583
3.1505
3.215
3.33517
3.42017
3.496
3.58533
3.67367
3.77433
3.874
3.97083
4.075
4.18017
4.289
4.385
4.49617
4.60833
4.71983
4.82267
4.9515
5.06417
5.18567
5.32883
5.44717
5.53417
5.72767
5.78917
5.9255
6.08867
6.20483
6.45833
6.46117
6.60533
6.745
6.90117
7.06283
7.25467
7.35467
7.56567
7.7045
7.90117
8.012
8.18267
8.3455
8.4865
8.93783
8.88883
8.99083
9.12633
9.29783
9.501
9.743
9.84733
10.0418
10.2203
10.53
11.2043
11.2662
11.4713
11.4268
11.4838
11.9527
11.7873
12.0118
12.2537
12.5565
12.8013
12.9463
13.0758
13.3065
13.6845
13.8287
14.131
14.4342
14.4917
14.6988
15.3607
15.2103
15.9567
15.7018
15.9215
16.3242
16.4953
16.6758
16.9733
17.189
17.5303
17.8318
18.1325
18.4187
19.0245
19.251
19.1548
21.555
20.023
20.1145
20.4287
20.7463
21.6023
22.1513
22.5012
22.138
22.2728
23.7613
23.008
23.2648
23.8427
24.0315
24.1387
24.5397
25.4552
25.7327
26.2132
26.9055
26.226
27.3998
27.7163
28.2103
27.9638
28.2142
28.4402
28.6647
29.0643
29.445
29.8735
30.4545
30.6227
31.0865
31.4227
31.9453
32.5818
32.7955
33.0348
33.4093
33.8305
34.2712
34.7135
35.3045
35.5847
35.989
36.449
36.815
37.4555
37.7468
38.2127
38.584
39.0955
39.6693
40.0527
40.52
40.985
41.4582
42.0887
42.4682
42.9463
43.3947
43.927
44.5713
45.0307
45.5293
45.9177
46.5218
46.9287
47.4837
47.9752
48.6205
49.0677
49.7075
50.2217
51.0643
51.3708
51.7653
52.3282
53.2267
53.4498
54.3993
54.7995
56.1357
58.1722
56.5893
57.109
57.6513
58.1538
58.8243
59.38
59.9393
60.514
61.4262
61.8452
62.5877
63.6495
63.8783
64.315
65.1523
65.7348
66.299
67.301
67.639
68.2667
69.093
69.6538
70.3277
71.2015
71.6407
72.4258
73.1843
74.1643
74.6322
75.1792
75.961
76.809
77.346
78.2458
78.7482
79.4607
80.4293
80.9348
81.935
82.5065
83.254
84.0683
84.774
85.7017
86.7562
87.4998
88.4898
89.5003
91.3732
90.5227
91.1398
94.4605
92.838
93.5272
94.5348
95.3132
96.1085
97.03
97.8107
98.6063
99.837
100.397
101.363
101.899
102.95
103.795
104.774
105.505
106.584
107.493
108.208
109.551
110.221
111.191
111.839
113.031
113.776
114.772
117
116.593
117.801
118.531
119.546
120.591
121.419
122.445
123.55
124.509
125.519
127.012
127.616
128.529
129.442
130.668
131.679
132.724
133.832
134.685
135.619
137.151
137.929
138.976
139.89
141.054
142.251
143.457
144.63
145.537
146.726
147.553
148.943
149.973
151.069
152.184
153.347
154.47
156.678
156.948
157.912
159.302
160.79
161.469
162.887
163.891
171.295
172.977
167.604
171.455
170.191
171.351
172.21
174.168
174.939
176.132
177.486
178.962
180.017
181.357
182.322
183.861
185.071
186.632
187.655
189.018
190.947
191.879
194.197
194.837
195.669
197.22
198.197
199.927
201.049
202.397
203.785
205.168
206.563
208.173
209.52
210.869
212.135
213.847
214.945
216.475
217.933
219.424
220.793
222.065
223.86
227.819
226.654
228.057
229.995
231.371
232.591
234.289
235.69
237.86
238.949
241.139
242.24
243.993
246.012
246.649
248.495
249.622
251.239
252.864
254.586
256.252
258.493
259.428
260.763
262.545
264.209
265.829
267.599
269.348
270.779
272.69
274.348
275.871
277.66
279.279
280.841
282.87
284.189
286.354
288.98
289.564
291.274
293.184
295.017
296.767
298.606