0.003
0.001
0.002
0.003
0.003
0.004
0.004
0.005
0.007
0.008
0.009
0.011
0.013
0.014
0.017
0.019
0.022
0.024
0.029
0.031
0.035
0.039
0.043
0.047
0.067
0.057
0.062
0.068
0.075
0.081
0.086
0.093
0.1
0.133
0.131
0.141
0.151
0.162
0.173
0.185
0.197
0.211
0.224
0.238
0.252
0.267
0.227
0.171
0.181
0.191
0.201
0.213
0.224
0.236
0.248
0.261
0.274
0.287
0.301
0.315
0.363
0.365
0.378
0.701
0.688
0.645
0.45
0.476
0.488
0.509
0.527
0.55
0.571
0.592
0.618
0.637
0.661
0.686
0.71
0.74
0.764
0.793
0.817
0.846
1.191
1.1
0.936
0.973
0.998
1.031
1.062
1.1
1.134
1.167
1.204
1.236
1.274
1.317
1.355
1.395
1.435
1.472
1.514
1.555
1.596
1.641
1.687
1.733
1.779
1.829
1.894
1.947
1.972
2.032
2.082
2.129
2.183
2.235
2.293
2.347
2.404
2.462
2.521
2.584
2.613
2.594
2.685
2.725
2.764
2.818
2.884
2.947
3.07
3.112
3.143
3.215
3.328
3.395
3.657
3.538
3.725
3.691
3.82
3.832
3.913
4
4.12
4.121
4.196
4.307
4.393
4.459
4.575
4.646
4.706
4.797
4.931
5.02
5.091
5.207
5.273
5.428
5.482
5.552
5.648
5.816
5.88
5.986
6.089
6.208
6.321
6.379
6.497
6.706
6.718
7.072
6.947
7.089
7.199
7.334
7.466
7.521
7.676
7.823
7.949
8.061
8.224
8.541
8.858
9.004
9.132
9.259
9.383
9.515
9.681
9.826
9.948
10.123
10.266
10.401
10.566
10.739
10.878
11.137
11.188
11.392
11.528
11.677
11.84
12.008
12.176
12.34
12.528
12.691
12.89
13.052
13.213
13.4
13.576
13.775
13.956
14.143
14.348
14.547
14.745
14.932
15.152
15.333
15.548
15.719
15.945
16.123
16.396
16.585
16.793
17.005
17.211
17.443
17.659
17.853
18.079
18.276
18.488
18.395
18.264
18.465
18.72
18.907
19.165
19.391
19.637
19.81
20.28
20.477
20.528
20.861
21.013
21.125
21.398
21.759
21.936
22.231
22.567
22.759
23.51
24.102
24.484
24.383
24.033
24.226
24.623
25.092
25.205
25.288
25.55
25.832
26.047
26.33
26.643
27.932
28.422
28.948
28.214
28.317
28.567
28.932
29.013
29.266
30.166
29.941
30.882
30.413
30.8
31.074
31.313
31.671
31.929
32.312
33.241
34.499
35.331
34.553
33.995
34.418
34.851
34.93
35.512
35.898
36.698
37.067
38.108
38.785
39.176
39.542
38.714
38.759
38.767
39.165
39.634
40.053
40.392
40.516
41.017
41.506
42.506
44.155
43.262
43.829
43.297
43.643
44.7
45.845
45.95
45.911
47.793
48.178
48.539
49.23
49.442
49.71
48.437
48.959
49.272
50.161
50.503
52.664
52.889
53.627
53.992
53.465
54.104
55.453
55.93
56.282
55.583
55.172
55.456
55.718
56.198
56.975
57.109
57.67
58.375
60.925
60.356
60.014
61.61
60.814
62.79
62.917
62.744
63.902
64.151
63.611
65.422
64.68
66.51
68.455
66.762
66.42
69.667
70.754
71.195
71.508
71.661
72.064
71.97
71.074
71.355
74.048
73.37
74.384
75.223
74.943
76.643
77.292
76.859
77.721
78.98
79.138
79.662
80.179
81.108
81.269
81.752
82.713
82.436
83.418
84.364
84.915
84.874
86.236
87.081
87.002
86.709
89.61
87.687
90.255
91.539
90.594
91.856
91.82
94.321
93.682
92.981
95.928
96.062
95.469
96.614
98.055
98.41
100.008
100.013
99.802
103.554
101.354
102.651
101.498
102.19
102.786
103.644
104.526
104.748
105.377
106.285
106.765
107.391
108.958
109.03
110.029
110.479
110.794
113.151
115.202
115.905
116.213
116.938
118.522
117.867
118.833
119.456
120.068
122.005
121.418
122.726
121.933
125.929
129.748
130.325
128.474
125.894
129.405
130.511
131.519
130.642
132.605
132.569
133.571
133.755
134.502
136.179
136.817
138.632
137.495
138.51
138.156
140.443
139.711
141.127
147.93
149.355
144.603
146.247
148.474
149.307
150.207
150.029
150.734
151.497
150.231
152.81
153.743
156.585
162.861
162.651
156.159
158.136
157.491
163.638
162.803
163.24
161.211
164.841
164.091
165.062
168.524
168.598
167.187
167.521
168.803
178.33
182.383
182.364
180.482
178.63
175.332
181.418
178.835
178.135
178.651
179.906
181.529
182.41
184.553
183.39
184.846
185.575
187.227
188.053
188.837
190.031
190.863
192.548
193.557
193.65
195.071
196.356
197.39
198.681
200.247
204.236
203.08
203.686
204.105
204.777
206.071
208.151
213.475
209.047
210.572
211.524
212.501
213.888
215.621
218.321
218.111
218.332
220.084
220.756
222.386
223.732
224.036
225.384
227.421
227.777
228.989
230.123
231.238
232.267
236.397
237.172
238.252
236.399
240.079
240.079
241.31
241.93
243.477
245.012
246.303
247.236
248.798
249.18
252.037
251.945
253.06
254.771
255.005
257.51
258.764
260.368
262.441
263.047
263.466
264.87
266.325
272.267
270.216
270.354
271.752
272.879
276.559
277.371
278.335
280.365
281.272
281.684
283.002
284.3
284.319
286.401
287.976
290.119
290.5
292.666
293.128
294.294
295.27
299.156
298.237
304.24
301.732
302.742
304.162
305.608
308.198
308.519
310.923
311.676
312.824
316.781
316.521
317.541
320.163
321.036
324.262
324.912
326.797
326.094
333.921
331.229
330.498
333.077
333.361
335.395
337.692
338.348
339.426
341.427
344.26
348.954
346.326
346.979
348.894
350.846
352.219
353.597
355.806
356.689
360.583
361.3
361.961
363.97
366.831
372.316
383.48
385.708
380.757
373.058
375.573
377.304
378.465
381.941
382.303
383.543
385.718
387.573
389.378
390.854
391.31
393.437
395.382
398.828
400.756
404.455
404.055
406.222
405.644
410.304
412.281
415.566
412.416
417.015
415.259
423.345
421.049
425.287
433.493
434.971
435.047
437.534
437.701
434.772
441.718
443.551
443.704
445.615
452.967
451.687
467.124
448.287
448.552
453.071
478.395
456.714
467.184
469.677
462.28
478.615
468.587
480.875
468.335
472.302
478.857
477.05
481.665
479.516
481.788
485.73
486.686
490.96
489.405
493.29
499.527
495.934
514.125
506.673
501.836
499.059
513.157
505.731
506.608
515.005
518.117
515.005
532.494
539.279
523.723
523.153
525.037
544.05
537.38
537.166
535.634
536.531
544.865
539.512
542.401
545.277
546.261
550.146
557.913
549.208
551.302
555.932
556.4
563.02
560.701
562.87
565.26
566.832
570.937
577.168
572.612
576.929
578.938
579.643
584.367
585.535
597.356
601.582
595.896
596.095
602.204
604.141
603.256
607.006
606.383
607.565
626.404
646.64
634.904
649.856
638.549
646.822
643.531
627.354
643.712
648.997
631.829
634.093
637.637
640.02
645.057
643.073
646.713
647.828
650.955
652.742
656.013
677.373
672.38
689.104
678.073
701.115
692.08
694.942
706.742
697.519
713.841
693.122
705.595
704.66
702.36
699.549
718.496
720.107
739.77
724.893
722.094
720.003
740.762
724.5
732.96
734.096
745.836
750.408
741.478
747.894
736.511
739.414
743.289
742.042
750.155
745.986
748.726
751.392
761.57
793.394
798.249
783.472
785.855
776.19
771.966
775.497
780.213
779.245
783.054
789.066
786.576
790.48
792.917
794.089
797.371
803.699
819.007
809.885
810.84
810.284
814.959
814.999
818.571
821.312
823.594
827.684
832.209
832.159
835.127
837.47
843.07
844.754
847.511
850.417
851.904
854.921
874.584
883.905
873.945
879.204
891.906
872.97
875.158
878.148
893.962
904.572
892.465
908.069
893.808
928.977
920.748
917.965
912.44
917.915
926.637
921.612
928.534
938.555
948.161
954.246
955.184
968.13
950.528
961.868
964.116
977.03
985.704
985.133
993.44
998.804
988.917
964.42
984.988
1001.33
987.374
971.973
973.859
975.463
977.75
981.584
986.464
993.046
990.139
993.937
995.939
999.984
1009.03
1007.52
1008.13
1023.93
1032.71
1060.89
1043.33
1053.88
1044.07
1038.52
1045.16
1083.47
1108.21
1083.39
1097.17
1056.09
1066.35
1059.35
1063.33
1064.41
1068.72
1071.75
1075.94
1079.5
1080.51
1084.86
1133.6
1123.02
1130.78
1102.7
1120.5
1111.34
1121.79
1122.09
1122.52
1125.15
1135.67
1132.77
1143.75
1140.18
1152.76
1146.97
1156.27
1145.11
1151.74
1157.74
1187.16
1159.81
1191.62
1203.89
1183.54
1194.84
1220.76
1235.53
1253.21