0.0045
0.005
0.00583333
0.00716667
0.00933333
0.012
0.0143333
0.018
0.0211667
0.0253333
0.03
0.0356667
0.0365
0.009
0.0108333
0.0121667
0.014
0.016
0.0176667
0.02
0.0248333
0.0268333
0.0275
0.0303333
0.0333333
0.0366667
0.0401667
0.0436667
0.0521667
0.0605
0.0611667
0.0593333
0.0671667
0.0695
0.0771667
0.0806667
0.0863333
0.0923333
0.0988333
0.1055
0.112667
0.12
0.127667
0.135667
0.149833
0.152833
0.161833
0.172167
0.1945
0.207833
0.207333
0.212167
0.224
0.247
0.247333
0.274167
0.272333
0.291167
0.299167
0.324333
0.328
0.343833
0.3585
0.3745
0.397833
0.408
0.439167
0.4435
0.461833
0.490167
0.499167
0.526667
0.549167
0.564833
0.595667
0.6145
0.632333
0.6565
0.687833
0.711833
0.742167
0.760333
0.789833
0.818167
0.839
0.8825
0.897833
0.926667
0.969
0.999833
1.01967
1.06383
1.08483
1.13333
1.15367
1.19867
1.2335
1.26617
1.30667
1.35317
1.37267
1.4355
1.46167
1.5045
1.5345
1.591
1.63067
1.67183
1.722
1.76817
1.81217
1.8515
1.922
1.9535
2.03933
2.143
2.1415
2.14767
2.21467
2.26183
2.31817
2.39517
2.4375
2.49233
2.54383
2.615
2.672
2.7475
2.79833
2.85083
2.9155
2.97167
3.04317
3.11367
3.16683
3.26667
3.37317
3.4365
3.49517
3.56517
3.6135
3.79617
3.8805
3.83117
3.89717
3.98567
4.07183
4.148
4.224
4.32383
4.39267
4.59783
4.76367
4.6815
4.90017
4.89717
4.93417
5.01017
5.15267
5.2205
5.44617
5.408
5.52117
5.5945
5.72117
5.79333
6.11733
6.278
6.151
6.25267
6.44067
6.4835
6.55667
6.65283
6.77033
6.89517
7.17217
7.64367
7.5815
7.65683
8.53717
8.03667
8.16733
8.29083
8.40417
8.44233
8.58033
8.706
8.8425
8.7225
8.94183
8.93767
9.04367
9.30617
9.73317
9.9615
9.81967
9.74067
9.891
10.0377
10.146
10.6327
10.4948
10.734
10.7742
10.9207
11.0922
11.6048
11.8347
11.9372
11.7675
11.9183
12.2252
12.2272
12.3838
12.5573
12.7927
12.8668
13.1632
13.4205
13.6942
13.9283
14.0388
14.0123
14.1725
14.3233
14.5892
14.9802
14.984
15.291
15.6327
15.7175
15.7877
16.1525
16.1275
16.6103
16.7917
17.0362
17.3825
17.429
17.663
17.9978
18.1422
18.5593
18.3292
18.7552
19.0335
19.2812
19.3787
19.3457
19.8428
20.1415
20.34
20.3395
20.4782
20.7078
20.9073
21.151
21.656
22.0138
22.5613
22.5887
22.8598
23.1543
23.2952
23.6892
23.794
24.3648
24.4
24.8365
24.6512
24.8715
25.4163
25.5545
26.0118
26.2128
26.1527
27.0038
27.0147
27.0367
27.5525
28.0883
28.2703
28.605
28.6888
29.178
29.3717
29.3953
29.999
30.3503
30.6727
31.0683
31.4662
31.7833
31.985
32.5363
32.5118
33.477
34.1703
34.5502
33.4827
34.0568
34.5137
34.3337
35.1305
35.8312
36.1195
36.6105
36.2613
37.102
37.0762
37.6523
39.0103
39.0507
38.5718
39.4757
39.772
40.1667
40.597
40.4943
40.6522
40.7478
41.1505
41.5113
41.87
42.5685
42.9378
43.5702
43.5137
45.5817
45.9007
44.9413
46.075
48.0262
48.023
46.7883
47.1053
47.2428
47.974
49.796
49.7495
49.182
49.253
50.1538
51.7285
50.5052
50.8708
51.413
51.8163
52.2142
53.3167
53.1115
53.9975
54.023
54.545
54.929
55.4513
55.8557
56.4785
56.8788
57.3165
57.7393
58.1972
58.644
59.147
60.5262
60.4475
60.8053
61.2137
61.5998
62.4232
62.6442
63.8007
65.8218
65.875
65.5052
66.23
66.4717
67.4587
67.4645
67.5562
68.7693
69.5488
69.4203
69.7063
69.9458
70.6962
71.7473
71.55
72.7935
73.7418
74.1735
74.2625
75.8557
75.4857
75.4193
76.3173
77.3412
78.9582
78.0592
78.1255
79.1315
81.7748
80.2427
81.1627
81.2835
82.6092
82.6783
83.1333
83.7723
85.4215
84.9957
86.9413
88.0578
88.5572
89.8897
90.128
90.9698
92.2087
91.874
90.7732
92.1822
92.4202
92.5323
94.8287
95.036
95.0975
95.6423
96.1798
97.8598
97.3933
99.4933
99.9928
99.636
101.03
100.802
101.229
102.486
104.444
104.347
104.635
107.384
106.233
106.769
109.032
107.687
107.93
109.282
110.279
112.034
112.678
113.541
115.412
113.599
113.789
117.291
116.454
116.485
117.486
118.438
120.825
121.502
122.597
124.275
124.638
126.014
127.688
125.252
126.077
127.068
128.822
131.525
131.314
131.453
130.852
133.862
133.837
132.638
136.993
136.541
135.617
135.587
137.619
139.943
140.135
142.763
140.706
143.06
143.41
142.766
147.355
145.581
146.765
147.311
147.95
149.635
154.04
154.992
153.895
154.67