0.0042
0.0046
0.0056
0.0075
0.0093
0.0115
0.014
0.0175
0.0208
0.0257
0.0057
0.0094
0.0093
0.0096
0.0114
0.0144
0.0141
0.0157
0.0178
0.0198
0.0223
0.0248
0.0274
0.0302
0.0354
0.0385
0.0422
0.0462
0.0495
0.0575
0.055
0.0608
0.0674
0.0695
0.0748
0.0842
0.0861
0.0924
0.099
0.1058
0.1138
0.1266
0.1318
0.1401
0.1529
0.1633
0.1674
0.1731
0.1869
0.1934
0.204
0.2186
0.2295
0.2453
0.2533
0.2692
0.2792
0.2921
0.3083
0.3244
0.3357
0.3511
0.3642
0.3834
0.3937
0.4105
0.4349
0.4457
0.4708
0.4869
0.5017
0.5248
0.5444
0.5728
0.5844
0.6103
0.6285
0.6606
0.6804
0.7052
0.7353
0.7688
0.778
0.81
0.8387
0.8634
0.8953
0.9451
0.96
0.9889
1.0144
1.0569
1.0769
1.1197
1.1508
1.2521
1.2754
1.2882
1.2949
1.3446
1.3699
1.4185
1.4516
1.4911
1.542
1.5743
1.6166
1.6659
1.7107
1.7454
1.7984
1.8708
1.9065
1.9387
1.9928
2.0411
2.114
2.1445
2.1975
2.2547
2.2998
2.3578
2.4253
2.4744
2.5445
2.5942
2.6852
2.7865
2.7838
2.846
2.9122
2.9798
3.0539
3.1044
3.238
3.272
3.3801
3.427
3.4778
3.5823
3.7309
3.6965
3.7738
3.86
3.926
3.9842
4.0846
4.2282
4.2456
4.3596
4.4286
4.4931
4.5982
4.7181
4.9822
5.0553
5.141
5.2321
5.347
5.2836
5.3274
5.4041
5.5105
5.65
5.7367
5.7915
5.9306
6.0358
6.121
6.2166
6.3511
6.4266
6.5431
6.6459
6.7709
6.8688
7.0038
7.1013
7.2154
7.3613
7.475
7.5733
7.7038
7.8426
7.985
8.0885
8.2121
8.3431
8.4817
8.597
8.7331
8.8833
9.0154
9.1485
9.2822
9.4277
9.5689
9.7037
9.847
9.9967
10.1395
10.2849
10.4588
10.5857
10.7881
10.8984
11.0648
11.2261
11.3771
11.5298
11.6632
11.8727
12.0375
12.3076
12.3721
12.5714
12.72
12.8965
13.0713
13.2623
13.442
13.6109
13.7768
14.1347
14.2036
14.3466
14.5157
14.7146
14.8824
15.1024
15.2662
15.4897
15.6778
15.8768
16.0681
16.252
16.5222
16.653
16.8667
17.102
17.3084
17.5206
17.7213
17.9237
18.1546
18.3939
18.5893
18.8311
19.0416
19.2667
19.4942
19.8719
20.067
20.2483
20.4238
20.6915
20.8949
21.1359
21.4021
21.6343
21.8796
22.1202
22.358
22.6178
22.8963
23.1271
23.3982
23.6564
23.9441
24.1756
24.4215
24.7093
25.0576
25.2511
25.5174
25.8114
26.1015
26.375
26.6502
26.9259
27.2291
27.5321
27.789
28.0743
28.4116
28.6511
29.0263
30.061
29.5629
29.8976
30.1731
30.4604
30.793
31.0883
31.4273
31.7352
32.1055
32.4321
32.7363
33.0958
33.3983
33.6806
34.0916
34.3903
34.7638
35.0802
35.4108
35.7845
36.1082
36.44
36.7998
37.269
37.6167
37.8926
38.2055
38.6033
39.0319
39.3185
39.6957
40.0629
40.4224
40.7884
41.1814
41.5657
42.0598
42.4307
42.7138
43.1408
43.5456
43.8822
44.2722
44.6262
45.056
45.442
45.8455
46.271
46.706
47.0574
47.5191
47.9037
48.3654
48.7351
49.2415
50.0343
50.5911
50.4512
50.9085
51.2992
52.4233
52.161
52.634
53.1167
53.5763
53.9752
54.4152
54.8756
55.376
55.8127
56.2701
56.7632
57.1982
57.6489
58.1744
58.6296
59.2384
59.5685
60.1417
60.571
61.0291
61.5487
62.0501
62.5139
63.0819
63.5155
64.0154
64.5955
65.0516
65.5619
66.057
66.6033
67.1459
67.6629
68.228
68.7191
69.2726
69.7891
70.2953
70.8436
71.4409
72.2566
72.4731
73.0386
73.6869
74.2452
74.7024
75.2802
75.8376
76.3688
76.9635
77.5315
78.1452
78.9129
79.4854
79.8384
81.3009
81.0074
81.6423
82.3869
82.8462
83.4742
84.0084
84.6542
85.2916
85.8888
86.4705
87.0882
87.7011
88.3949
89.0189
89.6176
90.2527
91.7102
93.0794
93.9686
94.3113
95.4369
95.4931
97.871
96.7182
98.3417
99.2088
101.845
102.835
101.87
101.749
100.9
102.798
101.717
102.846
103.152
103.651
104.379
106.488
107.001
107.847
109.523
109.606
109.073
110.662
110.03
111.186
114.637
114.323
113.918
117.512
116.862
115.186
117.027
118.838
119.656
120.389
120.67
119.809
121.215
122.045
124.132
124.602
125.507
126.888
125.671
128.193
129.228
129.991
131.713
133.03
133.471
132.105
131.587
132.153
133.628
133.841
135.652
135.4
136.174
137.167
137.952
138.712
139.683
140.844
141.27
143.004
143.141
143.842
144.677
145.867
146.557
147.323
148.22
149.119
149.954