0.002
0.001
0.003
0.004
0.005
0.007
0.01
0.013
0.018
0.022
0.028
0.035
0.043
0.052
0.063
0.075
0.086
0.1
0.116
0.133
0.152
0.172
0.193
0.218
0.09
0.052
0.057
0.064
0.07
0.077
0.084
0.12
0.101
0.108
0.118
0.127
0.138
0.148
0.161
0.174
0.184
0.197
0.211
0.225
0.243
0.257
0.273
0.289
0.309
0.358
0.344
0.364
0.411
0.737
0.475
0.473
0.498
0.532
0.549
0.577
0.608
0.639
0.669
0.703
0.733
0.769
0.8
0.834
0.876
0.913
0.945
0.984
1.035
1.067
1.11
1.167
1.198
1.231
1.269
1.287
1.325
1.377
1.422
1.473
1.544
1.576
1.639
1.694
1.746
1.803
1.87
1.93
1.995
2.065
2.129
2.188
2.255
2.329
2.394
2.524
2.541
2.611
2.705
2.778
2.859
2.931
3.012
3.102
3.167
3.275
3.353
3.443
3.525
3.632
3.722
3.82
3.942
4.007
4.125
4.21
4.335
4.42
4.545
4.64
4.764
4.855
4.995
5.094
5.224
5.341
5.467
5.6
5.734
5.89
5.958
6.111
6.252
6.399
6.522
6.688
6.812
6.94
7.085
7.255
7.398
7.519
7.672
7.851
8.012
8.183
8.34
8.5
8.666
8.869
9.009
9.19
9.336
9.523
9.699
9.885
10.071
10.23
10.455
10.627
10.819
11.112
11.23
11.487
11.655
11.812
12.031
12.255
12.47
12.987
13.011
13.139
13.34
13.587
13.817
14.051
14.267
14.495
14.734
14.974
15.219
15.573
15.734
15.936
16.186
16.457
16.729
16.979
17.251
17.537
17.829
18.072
18.366
18.6
18.859
19.164
19.438
19.712
20.018
20.375
20.671
20.931
21.224
21.579
22.166
22.168
22.521
22.82
23.141
23.489
23.831
24.172
24.43
24.742
25.139
25.412
25.773
26.177
26.479
26.864
27.186
27.571
27.955
28.327
28.739
29
29.424
30.262
30.152
30.623
30.974
31.431
31.737
32.153
32.625
32.93
33.442
33.824
34.277
34.631
35.108
35.481
35.992
36.386
36.869
37.688
37.731
38.064
38.618
39.061
39.579
40.167
40.574
40.926
41.461
41.831
42.402
42.829
43.398
44.18
44.392
44.921
45.249
45.852
46.247
46.827
47.384
48.022
48.397
48.844
49.481
50.215
51.098
51.043
51.587
52.199
52.806
53.372
53.878
54.358
55.085
55.635
56.183
57.194
57.409
58.005
58.655
59.5
59.665
60.411
61.042
61.662
62.256
63.201
63.414
64.164
64.737
65.277
66.063
66.655
67.407
68.093
69.09
69.353
69.91
70.745
71.336
72.132
72.63
73.439
74.559
74.832
75.553
76.247
76.989
77.831
78.399
79.217
80.433
80.765
81.356
82.116
82.887
83.661
84.471
85.581
86.029
86.834
87.458
88.373
89.078
89.911
91.083
91.488
92.35
93.122
93.868
94.746
96.052
96.397
97.26
98.036
98.959
99.759
101.142
101.629
102.343
103.174
104.251
104.96
106.29
106.79
107.792
108.46
110.04
110.921
111.288
112.246
113.319
114.498
115.369
116.865
116.87
117.817
118.884
119.866
121.127
121.931
122.649
123.601
125.044
125.796
126.555
127.773
128.717
130.066
130.932
131.718
132.722
133.826
135.612
135.984
137.011
138.042
139.464
140.171
141.16
142.283
144.017
144.551
145.972
146.892
148.188
149.818
150.73
151.706
153.332
153.413
154.962
155.753
158.739
161.403
159.362
160.568
164.577
165.233
163.931
165.567
166.475
167.523
168.948
173.601
182.298
175.721
176.029
180.057
186.194
183.563
187.632
190.375
190.981
184.276
187.738
191.468
187.421
188.823
190.283
190.495
202.646
201.537
194.685
198.757
201.509
208.472
207.448
203.407
202.842
208.438
211.48
211.08
211.325
214.469
215.954
222.135
229.699
220.902
221.659
222.897
222.931
230.055
233.731
235.091
231.482
228.438
229.936
231.062
234.664
239.609
235.635
242.348
238.805
242.821
241.442
245.538
245.088
246.972
255.777
261.228
254.532
257.459
254.667
256.183
258.899
260.673
272.605
273.854
275.633
276.953
278.863
280.857
282.547
283.742
273.051
277.181
276.066
279.69
281.644
285.02
297.194
298.995
291.733
290.063
295.878
292.556
293.652
299.454
310.731
303.399
301.375
302.016
319.068
312.313
315.97
324.353
322.517
314.598
314.469
316.251
319.501
320.2
321.884
323.422
326.554
334.744
338.139
334.261
337.391
351.94
353.524
354.745
358.195
353.616
353.632
362.156
354.344
355.72
358.174
363.141
375.632
364.412
375.857
363.72
366.352
367.958
369.832
371.661
373.646
375.662
377.992
380.931
382.663
383.837
386.152
388.352
390.194
392.567
394.745
397.087
398.916
401.058
403.485
406.051
407.978
411.921
411.275
413.264
415.356
417.633
419.454
421.833
424.029
426.715
428.682
430.876
433.016
435.885
437.447
439.715
442.175
444.711
446.644
449.327
451.811
454.246
456.17
458.443
460.944
463.485
465.58
468.252
470.846
472.651
475.388
478.114
480.131
482.385
485.344
488.392
490.094
492.563
494.891
497.13
500.061
502.309
505.04
507.502
509.99
512.45
515.406
517.438
520.369
523.168
525.673
527.942
530.81
533.336
535.806
538.364
541.436
543.729
546.669
549.711
552.317
554.723
557.114
560.287
562.488
565.459
567.872
570.628
573.347
576.494
578.544
581.605
583.998
586.989
590.107
592.528
595.487
598.194
601.256
603.584
606.971
609.364
612.464
615.058
618.228
620.971
623.964
627.127
629.811
633.06
635.46
638.639
641.353
645.045
648.027
650.755
653.807
658.176
665.564
670.465
672.586
678.899
678.042
676.179
679.154
681.832
684.653
687.609
691.004
694.984
697.874
700.646
703.182
708.03
722.105
723.181
716.723
723.447
728.384
729.398
732.385
731.919
734.695
738.302
741.975
744.537
747.974
751.772
756.21
758.049
761.202
764.298
768.27
771.286
774.823
778.441
783.495
784.696
788.65
791.182
794.793
798.317
801.751
804.998
808.482
811.977
815.126
820.738
822.335
826.262
830.236
832.875
837.077
840.806
843.207
846.868
850.408
853.973
857.316
861.534
867.53
869.638
873.727
878.095
880.166
896.914
891.937
1092.7
907.036
897.96
902.044
906.388
908.81
912.85
917.598
922.796
924.403
928.964
931.918
935.657
938.841
942.694
948.295
951.419
955.083
958.505
961.674
967.088
970.262
995.457
979.606
982.671
984.962
989.819
994.331
997.264
1002.47
1034.02
1009.83
1013.7
1018.83
1021.15
1026.07
1030.04
1034.32
1037.33
1042.5
1045.6
1050.43
1053.55
1058.72
1062.48
1067.46
1069.88
1075.55
1079.3
1084.08
1087.16
1092.58
1096.04
1133.9
1104.84
1108.15
1113.14
1116.36
1121.66
1125.67
1130.39
1134.68
1137.95
1142.38
1146.7
1151.99
1156.06
1161.57
1164.88
1169.59
1173.83
1178.99
1182.22
1187.8
1191.94
1196.38
1200.56
1204.53
1209.19
1213.99
1217.8
1221.86
1227.42
1232.01
1236.92
1241.27
1245.64
1249.73
1254.97
1259.53
1263.07
1269.12
1273.35
1278.32
1282.37
1287.87
1292.49
1296.11
1301.95
1306.18
1311.39
1314.73
1320.61
1325.21
1330.53
1335.02
1339.59
1344.71
1349.62
1355.75
1359.8
1363.81
1368.98
1374.66
1379.37
1384.17
1389.68
1395.15
1399.03
1407.42
1436.25
1414.03
1418.83
1424.15
1429.4
1439.35
1450.99
1444.92
1451.45
1453.63
1459.68
1463.38
1469.23
1474.44
1479.59
1497.29
1489.87
1495.7
1501.58
1505.4
1510.92
1516.41
1521.21
1526.9
1532.3
1537.35
1541.88
1547.98
1554.26
1558.82
1563.71
1570.14
1574.34
1579.86
1586.21
1590.63
1595.62
1603.15
1608.29
1612.24
1618.56
1624.82
1629.17
1634.87
1641.04
1645.4
1651.36
1655.65
1662.07
1667.6
1673.3
1678.56
1684.63
1689.98
1695.61
1702.57
1707.04
1712.24
1718.16
1724.16
1730.39
1736.18
1741.58
1748
1753.83
1758.81
1764.85
1770.24
1777.51
1782.12
1786.67
1793.89
1800.74
1806.55
1811.33
1818.37
1823.58
1829.33
1835.76
1841.65
1848.3
1854.26
1859.96
1866.16
1871.78
1876.84
1883.01
1888.89
1894.74
1902.4
1907.97
1912.89
1920.18
1925.64
1931.8
1938.86
1944.96
1950.08
1957.37
1963.73
1969.49
1975.02
1982.92
1988.23
1995.31
2002
2008.06
2013.8
2020.12
2026.99
2034.44
2039.27
2045.11
2052.98
2059.28
2065.01
2070.59
2078.44
2084.65
2090.78
2096.3
2104.79
2110.25
2116.78
2123.05
2129.48
2136.26
2143.31
2150.3
2156.78
2163.16
2169.61
2177.25
2184.16
2190.1
2213.47
2245.64
2215.18
2216.53
2223.57
2230.05
2237.64
2243.17
2250.4
2258.97
2325.53
2299.38
2310.77
2415.42
2753.52
2298.06
2306.22
2312.41
2318.95
2324.7
2332.71
2340.19