0.0008
0.0016
0.0016
0.0031
0.0045
0.0065
0.0097
0.0128
0.017
0.0223
0.0197
0.0067
0.0083
0.0099
0.0158
0.014
0.0168
0.0193
0.0222
0.0258
0.0293
0.0334
0.0374
0.0436
0.0499
0.0559
0.0621
0.0681
0.0745
0.0827
0.0886
0.0969
0.1062
0.1121
0.119
0.1292
0.1394
0.1536
0.1656
0.1843
0.1934
0.2001
0.2138
0.2315
0.2454
0.2608
0.2835
0.2967
0.3138
0.3325
0.3506
0.3683
0.3941
0.4103
0.4405
0.4565
0.4798
0.5188
0.5302
0.5603
0.586
0.6149
0.6417
0.6792
0.7031
0.7444
0.7734
0.8064
0.8432
0.8781
0.9117
0.9591
0.9947
1.0344
1.07
1.1146
1.1665
1.2006
1.2632
1.296
1.3536
1.4025
1.4467
1.5074
1.5458
1.6061
1.6688
1.7152
1.7783
1.8349
1.8964
1.9546
2.0254
2.0845
2.1626
2.2248
2.321
2.3796
2.4887
2.5928
2.6067
2.7329
2.8085
2.8087
2.902
2.9941
3.1858
3.216
3.2371
3.342
3.4203
3.5158
3.5986
3.6932
3.7932
3.8977
4.1519
4.2784
4.2175
4.3711
4.4806
4.5006
4.6198
4.8702
5.0217
5.0637
5.0849
5.2339
5.3378
5.564
5.9374
5.9034
6.0339
6.2571
6.4085
6.5269
6.6863
6.8487
6.978
7.0731
7.0713
7.4468
7.6254
7.7266
7.8988
8.0767
8.2719
8.3263
8.4956
8.6592
8.837
8.9961
9.3928
9.33
9.3288
9.4977
9.5171
9.8237
9.9649
10.2562
10.2616
10.537
10.7698
10.9085
11.1534
11.356
11.5607
11.8301
12.0011
12.1552
12.433
12.7548
13.0087
13.0936
13.3748
13.5877
13.6449
14.0545
14.2361
14.4033
14.6485
15.7407
15.6221
15.6784
15.8976
16.212
16.3398
16.553
16.6584
17.0883
17.4202
17.7733
17.8516
18.1656
18.1046
18.9207
19.186
19.7365
20.1877
20.4114
20.4846
20.7985
21.1312
21.3264
21.5838
22.0607
22.1484
22.5781
23.015
22.9635
23.1498
23.439
23.7744
24.6691
25.7776
24.6997
24.8549
25.1143
25.6972
26.0455
26.6851
27.1159
27.6769
27.8226
28.3822
29.253
28.8358
29.461
29.9773
30.2192
30.4831
30.7252
31.2507
31.4994
32.0453
32.641
32.3982
32.8907
33.5173
33.7549
34.1333
34.5255
34.9225
35.3268
36.5978
37.799
38.9297
37.92
38.7812
38.3635
38.6087
39.3914
40.7194
41.13
41.1219
40.9397
41.1783
41.6607
42.752
43.5714
43.526
44.3507
44.0978
45.2587
45.0814
45.4907
46.8683
46.8283
47.2188
48.3975
49.6636
49.7355
50.226
50.8261
51.4197
52.2373
53.3592
53.6323
54.2002
54.9555
54.8085
54.7164
57.1424
57.2409
58.7135
58.959
59.6132
59.947
61.1499
61.6204
62.4768
63.2251
63.7757
64.4514
65.4105
66.7649
67.3046
68.2481
68.8462
69.2718
70.1672
70.9057
72.2929
70.4732
72.5186
73.8046
74.6305
75.28
75.7699
77.5423
77.2342
78.1194
78.5814
79.453
80.3252
81.0756
81.8566
82.8044
83.4193
84.0242
84.5712
85.2854
81.2911
81.6923
83.3241
83.1833
83.9992
85.3008
85.5877
86.4525
87.0755
88.1554
89.55
89.8595
90.2748
91.4078
91.9711
92.7356
93.7159
94.2549
95.1444
96.0219
97.062
98.0207
99.1962
99.6493
100.35
101.626
102.984
103.016
103.761
104.744
105.873
106.406
107.292
108.244
109.465
110.337
110.982
111.927
112.999
113.829
114.759
115.521
116.543
117.547
118.757
119.403
120.341
121.498
122.401
123.357
124.389
125.632
126.36
127.326
128.592
129.454
130.396
131.34
132.472
133.564
135.536
136.745
137.409
137.711
138.824
140.66
143.766
142.454
149.144
150.376
145.303
146.393
147.597
148.887
149.757
151.258
153.014
153.528
154.403
155.423
157.158
158.554
159.137
160.266
161.288
162.517
164.252
165.405
166.136
167.365
168.784
170.372
170.931
172.252
173.438
174.738
175.831
181.095
183.846
182.173
184.462
187.298
185.894
186.321
191.027
194.432
193.109
193.602
195.962
196.589
195.927
202.06
201.364
201.953
201.67
205.762
205.329
204.634
206.385
208.002
209.66
211.997
213.666
212.791
214.35
215.592
217.564
222.112
220.961
230.191
229.368
225.136
231.841
235.202
232.008
239.107
236.832
238.506
243.764
240.123
242.594
243.891
247.236
246.841
249.403
249.941
249.733
247.93
252.01
251.35
253.073
254.663
256.744
257.502
267.783
268.585
264.84
268.216
267.905
266.657
270.601
274.295
275.051
278.32
277.777
281.432
281.99
285.008
286.651
287.28
290.419
289.168
292.732
295.769
299.139
299.64
296.469
298