0.163866
0.183109
0.188423
0.198034
0.199853
0.208127
0.215048
0.218632
0.220825
0.22412
0.225756
0.230673
0.231046
0.245211
0.246334
0.248041
0.249781
0.251552
0.251631
0.255997
0.258501
0.265054
0.267131
0.267351
0.268312
0.273536
0.279541
0.28103
0.281319
0.281319
0.281533
0.281837
0.28369
0.287087
0.287974
0.28924
0.289583
0.290092
0.290151
0.295706
0.297003
0.297026
0.301261
0.301896
0.302054
0.303636
0.303837
0.304021
0.30445
0.304806
0.304935
0.308287
0.308837
0.309553
0.30984
0.310616
0.312284
0.313802
0.315205
0.317485
0.31795
0.318033
0.32148
0.322112
0.323316
0.323496
0.32481
0.331337
0.331348
0.332528
0.333521
0.335631
0.335648
0.335904
0.336876
0.337392
0.337392
0.33819
0.338623
0.341302
0.34206
0.343112
0.343353
0.343387
0.343956
0.344297
0.34529
0.347214
0.349051
0.349423
0.350391
0.352072
0.352072
0.35256
0.352698
0.354035
0.354098
0.355283
0.35612
0.356893
0.357187
0.357187
0.358346
0.358492
0.359126
0.359663
0.360013
0.36214
0.363261
0.363524
0.363727
0.365246
0.366918
0.36872
0.369265
0.369814
0.369829
0.369951
0.37352
0.37352
0.374844
0.375
0.375
0.375
0.375
0.375
0.375
0.375
0.375624
0.375624
0.375969
0.376443
0.376443
0.376443
0.377427
0.377662
0.379079
0.380098
0.380671
0.381622
0.384547
0.385101
0.385937
0.386953
0.387119
0.388225
0.38941
0.392228
0.392548
0.392684
0.396347
0.397013
0.400243
0.400835
0.402204
0.403221
0.403783
0.40389
0.405657
0.405657
0.406041
0.407663
0.407951
0.408571
0.410906
0.410908
0.410964
0.412714
0.412714
0.413679
0.414201
0.414963
0.415779
0.415865
0.417272
0.418215
0.418215
0.421442
0.422201
0.422261
0.424862
0.424939
0.425718
0.426511
0.427724
0.431671
0.431848
0.433741
0.436853
0.437256
0.437266
0.437972
0.441407
0.442967
0.44373
0.445246
0.445616
0.447267
0.451161
0.451687
0.4554
0.455475
0.456923
0.459711
0.459765
0.46137
0.461832
0.462207
0.464232
0.465926
0.466633
0.4704
0.470578
0.471542
0.471624
0.471868
0.471975
0.474818
0.484248
0.485714
0.486787
0.488368
0.488457
0.489076
0.490583
0.490646
0.494055
0.494201
0.494274
0.4951
0.497585
0.498289
0.499451
0.501617
0.505655
0.506697
0.506893
0.50723
0.507711
0.510629
0.511198
0.512176
0.51457
0.514636
0.515226
0.515937
0.517347
0.517995
0.5192
0.520493
0.523908
0.525004
0.526944
0.52703
0.527284
0.530307
0.53197
0.532892
0.53507
0.535869
0.537262
0.537418
0.539483
0.539583
0.543063
0.543917
0.544742
0.547154
0.548269
0.551583
0.552557
0.552812
0.556216
0.556398
0.557187
0.557408
0.558095
0.560924
0.561375
0.562196
0.562293
0.563061
0.566305
0.567962
0.569409
0.57049
0.571562
0.571993
0.572662
0.575039
0.575067
0.575252
0.577378
0.57899
0.581339
0.581645
0.582256
0.58326
0.586419
0.587322
0.58769
0.588038
0.589782
0.590302
0.591182
0.592456
0.594486
0.594649
0.595738
0.601645
0.601789
0.603288
0.605496
0.605828
0.606159
0.607832
0.609428
0.609854
0.614434
0.617478
0.618736
0.620004
0.620559
0.621152
0.621693
0.624068
0.624531
0.625
0.625
0.625
0.625
0.625
0.625
0.625
0.626871
0.627289
0.629328
0.630296
0.630696
0.631348
0.632281
0.632986
0.637893
0.638239
0.639574
0.640293
0.640532
0.641629
0.642013
0.644866
0.646639
0.650664
0.651368
0.653641
0.653777
0.654743
0.655304
0.6554
0.657208
0.657811
0.661189
0.662217
0.663172
0.664111
0.667516
0.675838
0.677645
0.678052
0.680886
0.681099
0.686151
0.690316
0.69194
0.694004
0.700728
0.702618
0.706308
0.706613
0.713876
0.715824
0.71697
0.717595
0.721773
0.722988
0.723854
0.724029
0.724678
0.725714
0.727923
0.738143
0.738891
0.739263
0.742604
0.745476
0.751815
0.754361
0.754644
0.759672
0.760877
0.766782
0.77378
0.785127
0.792462
0.794806
0.802926
0.804331
0.811799
0.813533
0.813915
0.820049
0.823726
0.8289
0.866255
0.866425
0.8684
0.87008
0.872753
0.87458
0.901842
0.911583
0.927979
0.985301
1.00588
1.01332
1.02091
1.02289
1.03689
1.14113
1.16402
1.26723